1024
576
10.000000
0.005000
0.600000 0.000000 -0.800000 
0.000000 1.000000 0.000000 
0.800000 0.000000 0.600000 
0.500000 0.500000 0.000000 
====
0.000000 -0.500000 -0.300000 -0.288462 -57 455 
0.000000 -0.500000 -0.500000 -0.480769 -96 384 
0.000000 0.000000 0.400000 
====
1.000000 0.500000 0.300000 0.312500 62 574 
0.000000 -0.500000 -0.500000 -0.520833 -104 392 
0.000000 0.000000 -0.400000 
====
0.000000 -0.500000 -0.300000 -0.288462 -57 455 
1.000000 0.500000 0.500000 0.480769 96 192 
0.000000 0.000000 0.400000 
====
1.000000 0.500000 0.300000 0.312500 62 574 
1.000000 0.500000 0.500000 0.520833 104 184 
0.000000 0.000000 -0.400000 
====
0.000000 -0.500000 0.500000 0.454545 90 602 
0.000000 -0.500000 -0.500000 -0.454545 -90 378 
1.000000 1.000000 1.000000 
====
1.000000 0.500000 1.100000 1.078431 215 727 
0.000000 -0.500000 -0.500000 -0.490196 -98 386 
1.000000 1.000000 0.200000 
====
0.000000 -0.500000 0.500000 0.454545 90 602 
1.000000 0.500000 0.500000 0.454545 90 198 
1.000000 1.000000 1.000000 
====
1.000000 0.500000 1.100000 1.078431 215 727 
1.000000 0.500000 0.500000 0.490196 98 190 
1.000000 1.000000 0.200000 
